dt=0.15
dx=0.5
kv=0
fd=1
fc=0.00075
rc=0.14
sdc=1e-5
dtr=0.0001
vcc=5
dd=0.00001
wc=0
wvX=1.5
wvY=0
wvZ=0